t = 0.00000000e+00
       r                 z               t               u               u*              |u-u*|
  1.00000000e+00   1.00000000e+00  0.00000000e+00   1.00000000e+00  1.00000000e+00   0.00000000e+00
  3.00000000e+00   1.00000000e+00  0.00000000e+00   1.00000000e+00  1.00000000e+00   0.00000000e+00
  5.00000000e+00   1.00000000e+00  0.00000000e+00   1.00000000e+00  1.00000000e+00   0.00000000e+00
  1.00000000e+00   3.00000000e+00  0.00000000e+00   3.00000000e+00  3.00000000e+00   0.00000000e+00
  3.00000000e+00   3.00000000e+00  0.00000000e+00   3.00000000e+00  3.00000000e+00   0.00000000e+00
  5.00000000e+00   3.00000000e+00  0.00000000e+00   3.00000000e+00  3.00000000e+00   0.00000000e+00
  1.00000000e+00   5.00000000e+00  0.00000000e+00   5.00000000e+00  5.00000000e+00   0.00000000e+00
  3.00000000e+00   5.00000000e+00  0.00000000e+00   5.00000000e+00  5.00000000e+00   0.00000000e+00
  5.00000000e+00   5.00000000e+00  0.00000000e+00   5.00000000e+00  5.00000000e+00   0.00000000e+00

t = 5.00000000e-02
       r                 z               t               u               u*              |u-u*|
  1.00000000e+00   1.00000000e+00  5.00000000e-02   1.00000625e+00  1.00000625e+00   0.00000000e+00
  3.00000000e+00   1.00000000e+00  5.00000000e-02   1.00000625e+00  1.00000625e+00   0.00000000e+00
  5.00000000e+00   1.00000000e+00  5.00000000e-02   1.00000625e+00  1.00000625e+00   0.00000000e+00
  1.00000000e+00   3.00000000e+00  5.00000000e-02   3.00000625e+00  3.00000625e+00   0.00000000e+00
  3.00000000e+00   3.00000000e+00  5.00000000e-02   3.00000625e+00  3.00000625e+00   0.00000000e+00
  5.00000000e+00   3.00000000e+00  5.00000000e-02   3.00000625e+00  3.00000625e+00   0.00000000e+00
  1.00000000e+00   5.00000000e+00  5.00000000e-02   5.00000625e+00  5.00000625e+00   0.00000000e+00
  3.00000000e+00   5.00000000e+00  5.00000000e-02   5.00000625e+00  5.00000625e+00   0.00000000e+00
  5.00000000e+00   5.00000000e+00  5.00000000e-02   5.00000625e+00  5.00000625e+00   0.00000000e+00

t = 1.00000000e-01
       r                 z               t               u               u*              |u-u*|
  1.00000000e+00   1.00000000e+00  1.00000000e-01   1.00010000e+00  1.00010000e+00   0.00000000e+00
  3.00000000e+00   1.00000000e+00  1.00000000e-01   1.00010000e+00  1.00010000e+00   0.00000000e+00
  5.00000000e+00   1.00000000e+00  1.00000000e-01   1.00010000e+00  1.00010000e+00   0.00000000e+00
  1.00000000e+00   3.00000000e+00  1.00000000e-01   3.00010000e+00  3.00010000e+00   0.00000000e+00
  3.00000000e+00   3.00000000e+00  1.00000000e-01   3.00014032e+00  3.00010000e+00   4.03225806e-05
  5.00000000e+00   3.00000000e+00  1.00000000e-01   3.00010000e+00  3.00010000e+00   0.00000000e+00
  1.00000000e+00   5.00000000e+00  1.00000000e-01   5.00010000e+00  5.00010000e+00   0.00000000e+00
  3.00000000e+00   5.00000000e+00  1.00000000e-01   5.00010000e+00  5.00010000e+00   0.00000000e+00
  5.00000000e+00   5.00000000e+00  1.00000000e-01   5.00010000e+00  5.00010000e+00   0.00000000e+00

t = 1.50000000e-01
       r                 z               t               u               u*              |u-u*|
  1.00000000e+00   1.00000000e+00  1.50000000e-01   1.00050625e+00  1.00050625e+00   0.00000000e+00
  3.00000000e+00   1.00000000e+00  1.50000000e-01   1.00050625e+00  1.00050625e+00   0.00000000e+00
  5.00000000e+00   1.00000000e+00  1.50000000e-01   1.00050625e+00  1.00050625e+00   0.00000000e+00
  1.00000000e+00   3.00000000e+00  1.50000000e-01   3.00050625e+00  3.00050625e+00   0.00000000e+00
  3.00000000e+00   3.00000000e+00  1.50000000e-01   3.00060485e+00  3.00050625e+00   9.85952133e-05
  5.00000000e+00   3.00000000e+00  1.50000000e-01   3.00050625e+00  3.00050625e+00   0.00000000e+00
  1.00000000e+00   5.00000000e+00  1.50000000e-01   5.00050625e+00  5.00050625e+00   0.00000000e+00
  3.00000000e+00   5.00000000e+00  1.50000000e-01   5.00050625e+00  5.00050625e+00   0.00000000e+00
  5.00000000e+00   5.00000000e+00  1.50000000e-01   5.00050625e+00  5.00050625e+00   0.00000000e+00

t = 2.00000000e-01
       r                 z               t               u               u*              |u-u*|
  1.00000000e+00   1.00000000e+00  2.00000000e-01   1.00160000e+00  1.00160000e+00   0.00000000e+00
  3.00000000e+00   1.00000000e+00  2.00000000e-01   1.00160000e+00  1.00160000e+00   0.00000000e+00
  5.00000000e+00   1.00000000e+00  2.00000000e-01   1.00160000e+00  1.00160000e+00   0.00000000e+00
  1.00000000e+00   3.00000000e+00  2.00000000e-01   3.00160000e+00  3.00160000e+00   0.00000000e+00
  3.00000000e+00   3.00000000e+00  2.00000000e-01   3.00176194e+00  3.00160000e+00   1.61944883e-04
  5.00000000e+00   3.00000000e+00  2.00000000e-01   3.00160000e+00  3.00160000e+00   0.00000000e+00
  1.00000000e+00   5.00000000e+00  2.00000000e-01   5.00160000e+00  5.00160000e+00   0.00000000e+00
  3.00000000e+00   5.00000000e+00  2.00000000e-01   5.00160000e+00  5.00160000e+00   0.00000000e+00
  5.00000000e+00   5.00000000e+00  2.00000000e-01   5.00160000e+00  5.00160000e+00   0.00000000e+00

t = 2.50000000e-01
       r                 z               t               u               u*              |u-u*|
  1.00000000e+00   1.00000000e+00  2.50000000e-01   1.00390625e+00  1.00390625e+00   0.00000000e+00
  3.00000000e+00   1.00000000e+00  2.50000000e-01   1.00390625e+00  1.00390625e+00   0.00000000e+00
  5.00000000e+00   1.00000000e+00  2.50000000e-01   1.00390625e+00  1.00390625e+00   0.00000000e+00
  1.00000000e+00   3.00000000e+00  2.50000000e-01   3.00390625e+00  3.00390625e+00   0.00000000e+00
  3.00000000e+00   3.00000000e+00  2.50000000e-01   3.00413192e+00  3.00390625e+00   2.25674890e-04
  5.00000000e+00   3.00000000e+00  2.50000000e-01   3.00390625e+00  3.00390625e+00   0.00000000e+00
  1.00000000e+00   5.00000000e+00  2.50000000e-01   5.00390625e+00  5.00390625e+00   0.00000000e+00
  3.00000000e+00   5.00000000e+00  2.50000000e-01   5.00390625e+00  5.00390625e+00   0.00000000e+00
  5.00000000e+00   5.00000000e+00  2.50000000e-01   5.00390625e+00  5.00390625e+00   0.00000000e+00

t = 3.00000000e-01
       r                 z               t               u               u*              |u-u*|
  1.00000000e+00   1.00000000e+00  3.00000000e-01   1.00810000e+00  1.00810000e+00   0.00000000e+00
  3.00000000e+00   1.00000000e+00  3.00000000e-01   1.00810000e+00  1.00810000e+00   0.00000000e+00
  5.00000000e+00   1.00000000e+00  3.00000000e-01   1.00810000e+00  1.00810000e+00   0.00000000e+00
  1.00000000e+00   3.00000000e+00  3.00000000e-01   3.00810000e+00  3.00810000e+00   0.00000000e+00
  3.00000000e+00   3.00000000e+00  3.00000000e-01   3.00838883e+00  3.00810000e+00   2.88831400e-04
  5.00000000e+00   3.00000000e+00  3.00000000e-01   3.00810000e+00  3.00810000e+00   0.00000000e+00
  1.00000000e+00   5.00000000e+00  3.00000000e-01   5.00810000e+00  5.00810000e+00   0.00000000e+00
  3.00000000e+00   5.00000000e+00  3.00000000e-01   5.00810000e+00  5.00810000e+00   0.00000000e+00
  5.00000000e+00   5.00000000e+00  3.00000000e-01   5.00810000e+00  5.00810000e+00   0.00000000e+00

t = 3.50000000e-01
       r                 z               t               u               u*              |u-u*|
  1.00000000e+00   1.00000000e+00  3.50000000e-01   1.01500625e+00  1.01500625e+00   0.00000000e+00
  3.00000000e+00   1.00000000e+00  3.50000000e-01   1.01500625e+00  1.01500625e+00   0.00000000e+00
  5.00000000e+00   1.00000000e+00  3.50000000e-01   1.01500625e+00  1.01500625e+00   0.00000000e+00
  1.00000000e+00   3.00000000e+00  3.50000000e-01   3.01500625e+00  3.01500625e+00   0.00000000e+00
  3.00000000e+00   3.00000000e+00  3.50000000e-01   3.01535781e+00  3.01500625e+00   3.51556566e-04
  5.00000000e+00   3.00000000e+00  3.50000000e-01   3.01500625e+00  3.01500625e+00   0.00000000e+00
  1.00000000e+00   5.00000000e+00  3.50000000e-01   5.01500625e+00  5.01500625e+00   0.00000000e+00
  3.00000000e+00   5.00000000e+00  3.50000000e-01   5.01500625e+00  5.01500625e+00   0.00000000e+00
  5.00000000e+00   5.00000000e+00  3.50000000e-01   5.01500625e+00  5.01500625e+00   0.00000000e+00

t = 4.00000000e-01
       r                 z               t               u               u*              |u-u*|
  1.00000000e+00   1.00000000e+00  4.00000000e-01   1.02560000e+00  1.02560000e+00   0.00000000e+00
  3.00000000e+00   1.00000000e+00  4.00000000e-01   1.02560000e+00  1.02560000e+00   0.00000000e+00
  5.00000000e+00   1.00000000e+00  4.00000000e-01   1.02560000e+00  1.02560000e+00   0.00000000e+00
  1.00000000e+00   3.00000000e+00  4.00000000e-01   3.02560000e+00  3.02560000e+00   0.00000000e+00
  3.00000000e+00   3.00000000e+00  4.00000000e-01   3.02601410e+00  3.02560000e+00   4.14095946e-04
  5.00000000e+00   3.00000000e+00  4.00000000e-01   3.02560000e+00  3.02560000e+00   0.00000000e+00
  1.00000000e+00   5.00000000e+00  4.00000000e-01   5.02560000e+00  5.02560000e+00   0.00000000e+00
  3.00000000e+00   5.00000000e+00  4.00000000e-01   5.02560000e+00  5.02560000e+00   0.00000000e+00
  5.00000000e+00   5.00000000e+00  4.00000000e-01   5.02560000e+00  5.02560000e+00   0.00000000e+00

t = 4.50000000e-01
       r                 z               t               u               u*              |u-u*|
  1.00000000e+00   1.00000000e+00  4.50000000e-01   1.04100625e+00  1.04100625e+00   0.00000000e+00
  3.00000000e+00   1.00000000e+00  4.50000000e-01   1.04100625e+00  1.04100625e+00   0.00000000e+00
  5.00000000e+00   1.00000000e+00  4.50000000e-01   1.04100625e+00  1.04100625e+00   0.00000000e+00
  1.00000000e+00   3.00000000e+00  4.50000000e-01   3.04100625e+00  3.04100625e+00   0.00000000e+00
  3.00000000e+00   3.00000000e+00  4.50000000e-01   3.04148284e+00  3.04100625e+00   4.76585035e-04
  5.00000000e+00   3.00000000e+00  4.50000000e-01   3.04100625e+00  3.04100625e+00   0.00000000e+00
  1.00000000e+00   5.00000000e+00  4.50000000e-01   5.04100625e+00  5.04100625e+00   0.00000000e+00
  3.00000000e+00   5.00000000e+00  4.50000000e-01   5.04100625e+00  5.04100625e+00   0.00000000e+00
  5.00000000e+00   5.00000000e+00  4.50000000e-01   5.04100625e+00  5.04100625e+00   0.00000000e+00

t = 5.00000000e-01
       r                 z               t               u               u*              |u-u*|
  1.00000000e+00   1.00000000e+00  5.00000000e-01   1.06250000e+00  1.06250000e+00   0.00000000e+00
  3.00000000e+00   1.00000000e+00  5.00000000e-01   1.06250000e+00  1.06250000e+00   0.00000000e+00
  5.00000000e+00   1.00000000e+00  5.00000000e-01   1.06250000e+00  1.06250000e+00   0.00000000e+00
  1.00000000e+00   3.00000000e+00  5.00000000e-01   3.06250000e+00  3.06250000e+00   0.00000000e+00
  3.00000000e+00   3.00000000e+00  5.00000000e-01   3.06303907e+00  3.06250000e+00   5.39071644e-04
  5.00000000e+00   3.00000000e+00  5.00000000e-01   3.06250000e+00  3.06250000e+00   0.00000000e+00
  1.00000000e+00   5.00000000e+00  5.00000000e-01   5.06250000e+00  5.06250000e+00   0.00000000e+00
  3.00000000e+00   5.00000000e+00  5.00000000e-01   5.06250000e+00  5.06250000e+00   0.00000000e+00
  5.00000000e+00   5.00000000e+00  5.00000000e-01   5.06250000e+00  5.06250000e+00   0.00000000e+00

t = 5.50000000e-01
       r                 z               t               u               u*              |u-u*|
  1.00000000e+00   1.00000000e+00  5.50000000e-01   1.09150625e+00  1.09150625e+00   0.00000000e+00
  3.00000000e+00   1.00000000e+00  5.50000000e-01   1.09150625e+00  1.09150625e+00   0.00000000e+00
  5.00000000e+00   1.00000000e+00  5.50000000e-01   1.09150625e+00  1.09150625e+00   0.00000000e+00
  1.00000000e+00   3.00000000e+00  5.50000000e-01   3.09150625e+00  3.09150625e+00   0.00000000e+00
  3.00000000e+00   3.00000000e+00  5.50000000e-01   3.09210781e+00  3.09150625e+00   6.01564765e-04
  5.00000000e+00   3.00000000e+00  5.50000000e-01   3.09150625e+00  3.09150625e+00   0.00000000e+00
  1.00000000e+00   5.00000000e+00  5.50000000e-01   5.09150625e+00  5.09150625e+00   0.00000000e+00
  3.00000000e+00   5.00000000e+00  5.50000000e-01   5.09150625e+00  5.09150625e+00   0.00000000e+00
  5.00000000e+00   5.00000000e+00  5.50000000e-01   5.09150625e+00  5.09150625e+00   0.00000000e+00

t = 6.00000000e-01
       r                 z               t               u               u*              |u-u*|
  1.00000000e+00   1.00000000e+00  6.00000000e-01   1.12960000e+00  1.12960000e+00   0.00000000e+00
  3.00000000e+00   1.00000000e+00  6.00000000e-01   1.12960000e+00  1.12960000e+00   0.00000000e+00
  5.00000000e+00   1.00000000e+00  6.00000000e-01   1.12960000e+00  1.12960000e+00   0.00000000e+00
  1.00000000e+00   3.00000000e+00  6.00000000e-01   3.12960000e+00  3.12960000e+00   0.00000000e+00
  3.00000000e+00   3.00000000e+00  6.00000000e-01   3.13026406e+00  3.12960000e+00   6.64062486e-04
  5.00000000e+00   3.00000000e+00  6.00000000e-01   3.12960000e+00  3.12960000e+00   0.00000000e+00
  1.00000000e+00   5.00000000e+00  6.00000000e-01   5.12960000e+00  5.12960000e+00   0.00000000e+00
  3.00000000e+00   5.00000000e+00  6.00000000e-01   5.12960000e+00  5.12960000e+00   0.00000000e+00
  5.00000000e+00   5.00000000e+00  6.00000000e-01   5.12960000e+00  5.12960000e+00   0.00000000e+00

t = 6.50000000e-01
       r                 z               t               u               u*              |u-u*|
  1.00000000e+00   1.00000000e+00  6.50000000e-01   1.17850625e+00  1.17850625e+00   0.00000000e+00
  3.00000000e+00   1.00000000e+00  6.50000000e-01   1.17850625e+00  1.17850625e+00   0.00000000e+00
  5.00000000e+00   1.00000000e+00  6.50000000e-01   1.17850625e+00  1.17850625e+00   0.00000000e+00
  1.00000000e+00   3.00000000e+00  6.50000000e-01   3.17850625e+00  3.17850625e+00   0.00000000e+00
  3.00000000e+00   3.00000000e+00  6.50000000e-01   3.17923281e+00  3.17850625e+00   7.26562126e-04
  5.00000000e+00   3.00000000e+00  6.50000000e-01   3.17850625e+00  3.17850625e+00   0.00000000e+00
  1.00000000e+00   5.00000000e+00  6.50000000e-01   5.17850625e+00  5.17850625e+00   0.00000000e+00
  3.00000000e+00   5.00000000e+00  6.50000000e-01   5.17850625e+00  5.17850625e+00   0.00000000e+00
  5.00000000e+00   5.00000000e+00  6.50000000e-01   5.17850625e+00  5.17850625e+00   0.00000000e+00

t = 7.00000000e-01
       r                 z               t               u               u*              |u-u*|
  1.00000000e+00   1.00000000e+00  7.00000000e-01   1.24010000e+00  1.24010000e+00   0.00000000e+00
  3.00000000e+00   1.00000000e+00  7.00000000e-01   1.24010000e+00  1.24010000e+00   0.00000000e+00
  5.00000000e+00   1.00000000e+00  7.00000000e-01   1.24010000e+00  1.24010000e+00   0.00000000e+00
  1.00000000e+00   3.00000000e+00  7.00000000e-01   3.24010000e+00  3.24010000e+00   0.00000000e+00
  3.00000000e+00   3.00000000e+00  7.00000000e-01   3.24088906e+00  3.24010000e+00   7.89062261e-04
  5.00000000e+00   3.00000000e+00  7.00000000e-01   3.24010000e+00  3.24010000e+00   0.00000000e+00
  1.00000000e+00   5.00000000e+00  7.00000000e-01   5.24010000e+00  5.24010000e+00   0.00000000e+00
  3.00000000e+00   5.00000000e+00  7.00000000e-01   5.24010000e+00  5.24010000e+00   0.00000000e+00
  5.00000000e+00   5.00000000e+00  7.00000000e-01   5.24010000e+00  5.24010000e+00   0.00000000e+00

t = 7.50000000e-01
       r                 z               t               u               u*              |u-u*|
  1.00000000e+00   1.00000000e+00  7.50000000e-01   1.31640625e+00  1.31640625e+00   0.00000000e+00
  3.00000000e+00   1.00000000e+00  7.50000000e-01   1.31640625e+00  1.31640625e+00   0.00000000e+00
  5.00000000e+00   1.00000000e+00  7.50000000e-01   1.31640625e+00  1.31640625e+00   0.00000000e+00
  1.00000000e+00   3.00000000e+00  7.50000000e-01   3.31640625e+00  3.31640625e+00   0.00000000e+00
  3.00000000e+00   3.00000000e+00  7.50000000e-01   3.31725781e+00  3.31640625e+00   8.51562406e-04
  5.00000000e+00   3.00000000e+00  7.50000000e-01   3.31640625e+00  3.31640625e+00   0.00000000e+00
  1.00000000e+00   5.00000000e+00  7.50000000e-01   5.31640625e+00  5.31640625e+00   0.00000000e+00
  3.00000000e+00   5.00000000e+00  7.50000000e-01   5.31640625e+00  5.31640625e+00   0.00000000e+00
  5.00000000e+00   5.00000000e+00  7.50000000e-01   5.31640625e+00  5.31640625e+00   0.00000000e+00

t = 8.00000000e-01
       r                 z               t               u               u*              |u-u*|
  1.00000000e+00   1.00000000e+00  8.00000000e-01   1.40960000e+00  1.40960000e+00   0.00000000e+00
  3.00000000e+00   1.00000000e+00  8.00000000e-01   1.40960000e+00  1.40960000e+00   0.00000000e+00
  5.00000000e+00   1.00000000e+00  8.00000000e-01   1.40960000e+00  1.40960000e+00   0.00000000e+00
  1.00000000e+00   3.00000000e+00  8.00000000e-01   3.40960000e+00  3.40960000e+00   0.00000000e+00
  3.00000000e+00   3.00000000e+00  8.00000000e-01   3.41051406e+00  3.40960000e+00   9.14062478e-04
  5.00000000e+00   3.00000000e+00  8.00000000e-01   3.40960000e+00  3.40960000e+00   0.00000000e+00
  1.00000000e+00   5.00000000e+00  8.00000000e-01   5.40960000e+00  5.40960000e+00   0.00000000e+00
  3.00000000e+00   5.00000000e+00  8.00000000e-01   5.40960000e+00  5.40960000e+00   0.00000000e+00
  5.00000000e+00   5.00000000e+00  8.00000000e-01   5.40960000e+00  5.40960000e+00   0.00000000e+00

t = 8.50000000e-01
       r                 z               t               u               u*              |u-u*|
  1.00000000e+00   1.00000000e+00  8.50000000e-01   1.52200625e+00  1.52200625e+00   0.00000000e+00
  3.00000000e+00   1.00000000e+00  8.50000000e-01   1.52200625e+00  1.52200625e+00   0.00000000e+00
  5.00000000e+00   1.00000000e+00  8.50000000e-01   1.52200625e+00  1.52200625e+00   0.00000000e+00
  1.00000000e+00   3.00000000e+00  8.50000000e-01   3.52200625e+00  3.52200625e+00   0.00000000e+00
  3.00000000e+00   3.00000000e+00  8.50000000e-01   3.52298281e+00  3.52200625e+00   9.76562501e-04
  5.00000000e+00   3.00000000e+00  8.50000000e-01   3.52200625e+00  3.52200625e+00   0.00000000e+00
  1.00000000e+00   5.00000000e+00  8.50000000e-01   5.52200625e+00  5.52200625e+00   0.00000000e+00
  3.00000000e+00   5.00000000e+00  8.50000000e-01   5.52200625e+00  5.52200625e+00   0.00000000e+00
  5.00000000e+00   5.00000000e+00  8.50000000e-01   5.52200625e+00  5.52200625e+00   0.00000000e+00

t = 9.00000000e-01
       r                 z               t               u               u*              |u-u*|
  1.00000000e+00   1.00000000e+00  9.00000000e-01   1.65610000e+00  1.65610000e+00   0.00000000e+00
  3.00000000e+00   1.00000000e+00  9.00000000e-01   1.65610000e+00  1.65610000e+00   0.00000000e+00
  5.00000000e+00   1.00000000e+00  9.00000000e-01   1.65610000e+00  1.65610000e+00   0.00000000e+00
  1.00000000e+00   3.00000000e+00  9.00000000e-01   3.65610000e+00  3.65610000e+00   0.00000000e+00
  3.00000000e+00   3.00000000e+00  9.00000000e-01   3.65713906e+00  3.65610000e+00   1.03906250e-03
  5.00000000e+00   3.00000000e+00  9.00000000e-01   3.65610000e+00  3.65610000e+00   0.00000000e+00
  1.00000000e+00   5.00000000e+00  9.00000000e-01   5.65610000e+00  5.65610000e+00   0.00000000e+00
  3.00000000e+00   5.00000000e+00  9.00000000e-01   5.65610000e+00  5.65610000e+00   0.00000000e+00
  5.00000000e+00   5.00000000e+00  9.00000000e-01   5.65610000e+00  5.65610000e+00   0.00000000e+00

t = 9.50000000e-01
       r                 z               t               u               u*              |u-u*|
  1.00000000e+00   1.00000000e+00  9.50000000e-01   1.81450625e+00  1.81450625e+00   0.00000000e+00
  3.00000000e+00   1.00000000e+00  9.50000000e-01   1.81450625e+00  1.81450625e+00   0.00000000e+00
  5.00000000e+00   1.00000000e+00  9.50000000e-01   1.81450625e+00  1.81450625e+00   0.00000000e+00
  1.00000000e+00   3.00000000e+00  9.50000000e-01   3.81450625e+00  3.81450625e+00   0.00000000e+00
  3.00000000e+00   3.00000000e+00  9.50000000e-01   3.81560781e+00  3.81450625e+00   1.10156250e-03
  5.00000000e+00   3.00000000e+00  9.50000000e-01   3.81450625e+00  3.81450625e+00   0.00000000e+00
  1.00000000e+00   5.00000000e+00  9.50000000e-01   5.81450625e+00  5.81450625e+00   0.00000000e+00
  3.00000000e+00   5.00000000e+00  9.50000000e-01   5.81450625e+00  5.81450625e+00   0.00000000e+00
  5.00000000e+00   5.00000000e+00  9.50000000e-01   5.81450625e+00  5.81450625e+00   0.00000000e+00

t = 1.00000000e+00
       r                 z               t               u               u*              |u-u*|
  1.00000000e+00   1.00000000e+00  1.00000000e+00   2.00000000e+00  2.00000000e+00   0.00000000e+00
  3.00000000e+00   1.00000000e+00  1.00000000e+00   2.00000000e+00  2.00000000e+00   0.00000000e+00
  5.00000000e+00   1.00000000e+00  1.00000000e+00   2.00000000e+00  2.00000000e+00   0.00000000e+00
  1.00000000e+00   3.00000000e+00  1.00000000e+00   4.00000000e+00  4.00000000e+00   0.00000000e+00
  3.00000000e+00   3.00000000e+00  1.00000000e+00   4.00116406e+00  4.00000000e+00   1.16406250e-03
  5.00000000e+00   3.00000000e+00  1.00000000e+00   4.00000000e+00  4.00000000e+00   0.00000000e+00
  1.00000000e+00   5.00000000e+00  1.00000000e+00   6.00000000e+00  6.00000000e+00   0.00000000e+00
  3.00000000e+00   5.00000000e+00  1.00000000e+00   6.00000000e+00  6.00000000e+00   0.00000000e+00
  5.00000000e+00   5.00000000e+00  1.00000000e+00   6.00000000e+00  6.00000000e+00   0.00000000e+00

