t = 0.00000000e+00
       r                 z               t               u               u*              |u-u*|
  1.00000000e+00   1.00000000e+00  0.00000000e+00   1.00000000e+00  1.00000000e+00   0.00000000e+00
  3.00000000e+00   1.00000000e+00  0.00000000e+00   1.00000000e+00  1.00000000e+00   0.00000000e+00
  1.00000000e+00   3.00000000e+00  0.00000000e+00   3.00000000e+00  3.00000000e+00   0.00000000e+00
  3.00000000e+00   3.00000000e+00  0.00000000e+00   3.00000000e+00  3.00000000e+00   0.00000000e+00
  2.00000000e+00   2.00000000e+00  0.00000000e+00   2.00000000e+00  2.00000000e+00   0.00000000e+00

t = 2.50000000e-01
       r                 z               t               u               u*              |u-u*|
  1.00000000e+00   1.00000000e+00  2.50000000e-01   1.06250000e+00  1.06250000e+00   0.00000000e+00
  3.00000000e+00   1.00000000e+00  2.50000000e-01   1.06250000e+00  1.06250000e+00   0.00000000e+00
  1.00000000e+00   3.00000000e+00  2.50000000e-01   3.06250000e+00  3.06250000e+00   0.00000000e+00
  3.00000000e+00   3.00000000e+00  2.50000000e-01   3.06250000e+00  3.06250000e+00   0.00000000e+00
  2.00000000e+00   2.00000000e+00  2.50000000e-01   2.06250000e+00  2.06250000e+00   0.00000000e+00

t = 5.00000000e-01
       r                 z               t               u               u*              |u-u*|
  1.00000000e+00   1.00000000e+00  5.00000000e-01   1.25000000e+00  1.25000000e+00   0.00000000e+00
  3.00000000e+00   1.00000000e+00  5.00000000e-01   1.25000000e+00  1.25000000e+00   0.00000000e+00
  1.00000000e+00   3.00000000e+00  5.00000000e-01   3.25000000e+00  3.25000000e+00   0.00000000e+00
  3.00000000e+00   3.00000000e+00  5.00000000e-01   3.25000000e+00  3.25000000e+00   0.00000000e+00
  2.00000000e+00   2.00000000e+00  5.00000000e-01   2.25000000e+00  2.25000000e+00   0.00000000e+00

t = 7.50000000e-01
       r                 z               t               u               u*              |u-u*|
  1.00000000e+00   1.00000000e+00  7.50000000e-01   1.56250000e+00  1.56250000e+00   0.00000000e+00
  3.00000000e+00   1.00000000e+00  7.50000000e-01   1.56250000e+00  1.56250000e+00   0.00000000e+00
  1.00000000e+00   3.00000000e+00  7.50000000e-01   3.56250000e+00  3.56250000e+00   0.00000000e+00
  3.00000000e+00   3.00000000e+00  7.50000000e-01   3.56250000e+00  3.56250000e+00   0.00000000e+00
  2.00000000e+00   2.00000000e+00  7.50000000e-01   2.56250000e+00  2.56250000e+00   0.00000000e+00

t = 1.00000000e+00
       r                 z               t               u               u*              |u-u*|
  1.00000000e+00   1.00000000e+00  1.00000000e+00   2.00000000e+00  2.00000000e+00   0.00000000e+00
  3.00000000e+00   1.00000000e+00  1.00000000e+00   2.00000000e+00  2.00000000e+00   0.00000000e+00
  1.00000000e+00   3.00000000e+00  1.00000000e+00   4.00000000e+00  4.00000000e+00   0.00000000e+00
  3.00000000e+00   3.00000000e+00  1.00000000e+00   4.00000000e+00  4.00000000e+00   0.00000000e+00
  2.00000000e+00   2.00000000e+00  1.00000000e+00   3.00000000e+00  3.00000000e+00   4.44089210e-16

